.Random.seed <-
c(403L, 10L, 1099498693L, -973425121L, 1151213990L, 377082672L, 
-874176045L, 1849788401L, 353919264L, -124780610L, -29323319L, 
-1064370309L, -2089188022L, -1142287956L, 305040559L, -266594715L, 
-1781043684L, -480575374L, -326986003L, 841816871L, 1251170126L, 
-2097848408L, 1571376043L, 842614985L, -1089269544L, 1505840518L, 
-2103565215L, 2059232755L, 1836983394L, 538010324L, 549200855L, 
-742770227L, 168160612L, -590067382L, -2010640203L, 156301327L, 
-900476650L, 284568512L, -1062574205L, -1405975135L, -112899696L, 
-1509608850L, -1570642919L, -1594681173L, 1860365466L, 1322331228L, 
1340193119L, -2099082443L, -325022004L, 1009974306L, -434061699L, 
-75922569L, 436542622L, -1835881640L, -1917874501L, 794816601L, 
378467304L, -591145450L, 800536977L, -1820370365L, -1754998446L, 
697880036L, -438627289L, -1899757443L, 47762804L, 1027219802L, 
-1718597723L, 2057168831L, 400514118L, -1677047088L, -636160781L, 
2059915793L, -536632256L, 938526750L, 672118505L, 1781392411L, 
-1247204310L, 201641804L, 890688783L, -1474635707L, 1957347836L, 
-201633710L, -1400874547L, 1640622983L, 499375726L, -217870776L, 
-319510453L, 1786241449L, -1944199944L, 1725450278L, 813955393L, 
-1286793517L, 1710882434L, 1574298804L, -886195145L, -1475346643L, 
-2004599740L, 888578410L, 1646665173L, -1282786449L, -2127150474L, 
-1803315808L, 1003168355L, -1957559551L, 1332714096L, -2060929522L, 
808984185L, 1092241931L, -1350466758L, -1695114692L, -1356277377L, 
1265529557L, -1553046804L, 1890333762L, -646435939L, 1301479959L, 
-2051483778L, 1217049912L, 565617179L, -1857729671L, 1769409992L, 
642781686L, -843226063L, 984348259L, -1145263566L, 373053316L, 
1297532359L, -1530147683L, -1987736556L, 1501162170L, 522021637L, 
-947703585L, 458295654L, -788431632L, -827676653L, 1376779697L, 
-1467148192L, 1221621246L, 256606601L, -1063668037L, -1420627318L, 
934137196L, 1822399215L, -832936667L, 716690396L, 307012018L, 
980189357L, -131067801L, 416724878L, 1952186472L, -1268937621L, 
1641453065L, 192952472L, 1051435974L, -210553055L, 1857852339L, 
976968482L, -803844844L, 513359255L, -1449351795L, -1870519132L, 
-1045150070L, 828275957L, -454794417L, 952040534L, 944373504L, 
-1517544893L, -1218641439L, 114853200L, 608459694L, -1877370535L, 
1179756395L, 853423834L, -1996925028L, -743691361L, -592260619L, 
1039377548L, 112790882L, 1744978237L, 978414007L, 1665273438L, 
1732790168L, 907110139L, -877326695L, -924895448L, -1297543722L, 
-1998802351L, 599058691L, -360086382L, -953902556L, 726189287L, 
-1574856387L, -1702089292L, 1858826778L, -1713350299L, 1803036671L, 
1812373126L, 1796834832L, 162118835L, 188208977L, 908450560L, 
-1060912674L, 624036393L, 1705134555L, -1075874070L, -1440205684L, 
1773370319L, 1886098309L, 2009645116L, -1087844078L, -313149939L, 
-413072057L, -523858130L, 1243546248L, -1251400821L, 1483502441L, 
-462115528L, -1873338394L, -1643292799L, 420704019L, -1910957886L, 
591229812L, -805200009L, 1813203053L, -515168508L, 1040381482L, 
-1331692651L, 1562492975L, 2119809334L, -750136172L, -116279166L, 
-1694286400L, 438562620L, 1740054672L, 1744841506L, -1994274296L, 
-96892660L, 27142556L, -812553710L, 372821888L, -386938092L, 
-375045848L, -31635398L, 1805499344L, -1757712788L, 828871220L, 
179234450L, -523059872L, -457651892L, -1223781408L, 1180926370L, 
1950554536L, 1978357388L, 1203223996L, 605557362L, -580539408L, 
2113880644L, -699142056L, -1407441862L, -1768958864L, -930651076L, 
1010877716L, 696765122L, 2146334432L, 1185680508L, 944802512L, 
-145552990L, 1299299368L, -399218932L, 1330646460L, -201242830L, 
-2090856768L, 1705734196L, -1292087608L, -2112632646L, 815293072L, 
79871724L, 834665044L, -1485853038L, -1997419232L, -637549108L, 
930361056L, 385909954L, -26117080L, -862817364L, -365318468L, 
-1676109838L, 1731123760L, 147899300L, 1635716536L, -2601126L, 
-922279792L, 1582763900L, 393418004L, 2119141698L, -1242213120L, 
-874602052L, 1409107280L, 142201122L, 1921921608L, 1417692172L, 
-716696996L, 32155090L, 1108246016L, 944798036L, -2026672920L, 
-841344774L, -398361904L, -1180418260L, 588989684L, 1614060946L, 
-373231264L, -96628724L, 427272416L, 506549858L, 1054085288L, 
2131476556L, -584001668L, -1820381902L, -1378603408L, 489174852L, 
282127320L, -354949254L, 152200240L, 1162487740L, -1769440684L, 
-1386022846L, 1296328352L, -1808461124L, -1126101040L, -898559646L, 
-1795101976L, -1173836596L, -1578898948L, 305164786L, 1331665024L, 
-101286412L, 224832136L, 433432378L, 441491792L, 846577772L, 
241976724L, 1859572818L, 1034121696L, 1109463244L, -1872012640L, 
-560342654L, -898839320L, 1443615468L, 1908955452L, 154874994L, 
1147362928L, 457647652L, -1772001224L, -85019366L, 1412960464L, 
1024777532L, -388456556L, -324722814L, -1358880832L, -403995076L, 
873539984L, 1934836770L, 1472575752L, 993817740L, -2017279204L, 
-801179502L, 289466752L, 356989972L, -532062424L, -1972050374L, 
-1967525424L, 13070700L, -1492404300L, -2033492462L, -1049574432L, 
83756492L, 1560208608L, 960204834L, -1748920536L, 792589836L, 
1744597820L, 1555297266L, -1656255760L, -583357884L, -74070440L, 
-70461638L, 2071770096L, -1222703428L, -1848777452L, -814559038L, 
-1544635296L, 1847048572L, 84547536L, -479463134L, -323342680L, 
247733132L, 84294844L, 698081074L, -1371446720L, -1652063052L, 
1892975688L, -2133452358L, -942375408L, 2031618284L, -674408108L, 
544782098L, -2010114656L, 1967487692L, -250431904L, -923721790L, 
1919484712L, -1551479380L, 2017644860L, 697237362L, 161055024L, 
-1151684828L, -1132395208L, -1232823590L, 783894416L, 392811260L, 
1252290452L, 54421570L, -1759945472L, 468053052L, -1525658288L, 
1263147170L, -1217611960L, -515172596L, -1737225508L, 1740501842L, 
1824363136L, -134170540L, -1765012504L, 331429626L, -1320384176L, 
-1720892628L, 876365684L, -658734190L, 316470880L, 1908821900L, 
781087584L, 818005986L, 1689501608L, -2004509492L, 1399049724L, 
1771015090L, 1592912368L, 786835908L, 1610326360L, 1820091770L, 
321638832L, 1786621884L, 311038036L, 1918944194L, -815717344L, 
-570904248L, 202356081L, -369229085L, -217576988L, 1241965842L, 
-756262681L, -703406415L, 194823414L, 1741305620L, 1139310629L, 
510973231L, 756824808L, -1862256698L, 493726323L, 717225173L, 
589364914L, 1100326528L, -520941975L, -1473817893L, 1684540972L, 
-1625125318L, -639973137L, 1803604857L, -2029723634L, 772269532L, 
-1845295539L, -878754377L, -1213818048L, -1841391074L, 1901935851L, 
-1038285715L, 1873867994L, 287964312L, -1640740095L, 560935091L, 
-1680983084L, 32999138L, 483325815L, 702626497L, 1413614150L, 
1513981316L, 768678709L, -1644877537L, -990543752L, -1945043626L, 
122921955L, 94141861L, -1797414846L, 1543245360L, 2119226969L, 
-2129063989L, 79851580L, 1671183978L, -650218337L, -1504987863L, 
970179006L, -2075098964L, 1789957629L, 414883143L, -1458751952L, 
2112347982L, 1524470651L, -1153395491L, -1665141494L, 1451028520L, 
-1428314991L, -299847549L, 1587896708L, 1441394610L, -949145337L, 
122299217L, -563084586L, -844571724L, -1194826811L, 1658827535L, 
-585027192L, -797694810L, 534541395L, -1865517643L, 1024523026L, 
899795168L, -2119230135L, -1634541701L, 1148480076L, 331740122L, 
-1114170929L, 1582944153L, -1021229138L, -314504004L, 627189037L, 
-363653417L, -638623968L, 1459452030L, 1702624843L, 1635374157L, 
-1695729030L, -451341640L, 584796257L, 1686338067L, 547860532L, 
-1790464446L, 558656087L, -1453762143L, 909662822L, -2114319772L, 
-1546045035L, 538022591L, 45918808L, 948412022L, -1965342077L, 
1956624069L, -52427806L, 1429061200L, -557978759L, 1063076011L, 
-1536104420L, -1688361142L, 1145659199L, -1893351031L, -242368098L, 
201209932L, -1847774691L, 645701543L, -1336757552L, -1774795666L, 
95247131L, 1228067965L, -162190742L, -1946068216L, 542634929L, 
-2111704029L, 1171873060L, 622451154L, -1564063193L, 806933617L, 
-93582666L, -683272620L, 1196243685L, 1091909359L, -1664875992L, 
-2068896122L, 689377459L, -1972779499L, -1466341262L, -171051840L, 
1114048809L, -976744549L, -1423030164L, 853482618L, -2090941009L, 
