SNP	gene	beta	t-stat	p-value	FDR
rs200479157:1645434:C:T	ENSG00000008128.20	-0.522958564600533	-4.39896901487237	0.000308441503682609	1
rs374384253:1638780:C:T	ENSG00000008128.20	0.463153196935462	3.03226377375868	0.00685361847687939	1
rs61777471:1650102:C:T	ENSG00000008128.20	-0.463153196935462	-3.03226377375868	0.00685361847687939	1
rs4648776:1651962:G:A	ENSG00000008128.20	-0.463153196935462	-3.03226377375868	0.00685361847687939	1
rs16824585:1896440:G:A	ENSG00000008128.20	-0.361117616560657	-2.90437209024619	0.00909091694019575	1
rs7528782:1645366:A:G	ENSG00000008128.20	-0.265535049922393	-2.89622610431208	0.00925510734374212	1
